$scope.cashalot.angelScale = 0.375;
//ok
$scope.cashalot.baseCost = [30, 3e+4, 2e+5, 9e+9, 3.5e+10, 1.2e+12, 2.5e+14, 1.44e+17, 1.1e+20];
//ok
$scope.cashalot.basePower = [1.1, 1.1, 1.1, 1.1, 1.1, 1.1, 1.1, 1.1, 1.1];
//ok
$scope.cashalot.baseProfit = [30, 2000, 4e+4, 8e+7, 5e+9, 3.2e+10, 3.5e+13, 1.5e+17, 8.5e+17];
//some of them have ad boosts on them and is incorrect by a factor of 2
$scope.cashalot.baseSpeed = [2.5, 3.5, 4.5, 5.5, 6.5, 7.5, 9, 10.5, 12.5];
$scope.cashalot.investments = [
  ['Pimp Thy Steed', 1, false, 0, 0, 0, 0],
  ['Tapestry Selfie Booth', 0, false, 0, 0, 0, 0],
  ['Serf Surfing', 0, false, 0, 0, 0, 0],
  ['Wyvernry', 0, false, 0, 0, 0, 0],
  ['Unicorn Jousting', 0, false, 0, 0, 0, 0],
  ['Armor Bedazzling', 0, false, 0, 0, 0, 0],
  ['Centaur Rides', 0, false, 0, 0, 0, 0],
  ['Dragon Race', 0, false, 0, 0, 0, 0],
  ['Killer Rabbit Show', 0, false, 0, 0, 0, 0]
];
$scope.cashalot.unlocks[0] = [[50, [0, 3]],[100, [2, 11]],[125, [2, 5]],[777, [18, 2]],[825, [2, 3]],[1160, [0, 3]],[1212, [2, 12]],[1525, [18, 1.5]]];
$scope.cashalot.unlocks[1] = [[25, [4, 2.5]],[75, [4, 5]],[400, [0, 6666]],[500, [0, 7777]],[600, [0, 8888]],[700, [0, 9999]],[777, [4, 12]],[1075, [0, 4444]],[1300, [18, 1.5]]];
$scope.cashalot.unlocks[2] = [[75, [6, 11]],[100, [6, 7]],[256, [2, 4444]],[368, [2, 5555]],[512, [2, 6666]],[640, [2, 7777]],[777, [6, 55]],[1040, [2, 1111]],[1135, [6, 66]],[1400, [18, 1.5]],[1475, [18, 1.5]]];
$scope.cashalot.unlocks[3] = [[10,[8,2]],[25,[8,5]],[250,[4,2222]],[325,[4,3333]],[400,[4,4444]],[500,[4,5555]],[700,[8,123]],[900,[4,333]],[1305,[18,1.5]],[1414,[18,1.5]]];
$scope.cashalot.unlocks[4] = [[30,[10,2]],[45,[10,5]],[225,[6,1111]],[350,[6,2222]],[475,[6,3333]],[685,[10,333]],[860,[6,111]],[1024,[10,168]],[1212,[18,1.5]],[1380,[18,1.5]]];
$scope.cashalot.unlocks[5] = [[40,[12,9]],[80,[12,17]],[250,[8,777]],[325,[8,888]],[400,[8,999]],[666,[12,999]],[800,[8,66]],[1212,[18,1.5]],[1375,[18,1.5]]];
$scope.cashalot.unlocks[6] = [[60,[14,1.5]],[100,[14,2.5]],[275,[10,6666]],[325,[10,9999]],[625,[14,4444]],[740,[10,36]],[950,[14,666]],[1212,[18,1.5]],[1333,[18,1.5]]];
$scope.cashalot.unlocks[7] = [[50,[16,2.5]],[80,[16,4]],[185,[12,40]],[225,[12,80]],[585,[16,9999]],[650,[12,15]],[1050,[18,1.5]],[1175,[18,1.5]]];
$scope.cashalot.unlocks[8] = [[125,[14,15]],[550,[16,2]],[575,[14,5]],[825,[18,2]],[950,[19,4]],[1066,[18,1.5]],[1125,[18,1.5]],[1225,[18,2]]];
$scope.cashalot.unlocks[9] = [[333,[18,2]],[500,[18,2]],[700,[18,3]],[875,[19,4]],[925,[19,4]]];
$scope.cashalot.cashUpgrades = [[10000,[0,5]],[1e+5,[0,8]],[2.5e+8,[0,12]],[1e+24,[18,2]],[500e+24,[18,2]],[4.2e+30,[18,2]],[210e+30,[18,2]],[900e+33,[18,2]],[250e+36,[18,2]],[13e+39,[18,2]],[3.2e+42,[18,2]],[1.1e+45,[18,2]],[100e+45,[18,2]],[9e+48,[18,2]],[6e+60,[4,7]],[120e+60,[8,7]],[500e+60,[12,7]],[1.5e+63,[16,7]],[6e+63,[0,7]],[25e+63,[4,7]],[75e+63,[8,7]],[200e+63,[12,7]],[800e+63,[16,7]],[2e+66,[0,7]],[5e+66,[4,7]],[25e+66,[8,7]],[90e+66,[12,7]],[500e+66,[16,7]],[2.2e+69,[0,7]],[26e+69,[4,7]],[350e+69,[18,2]]];
$scope.cashalot.angelUpgrades = [[2e+9,[20,2]],[5e+12,[20,3]],[30e+15,[20,5]],[2e+18,[20,10]],[20e+18,[20,12]],[700e+18,[20,25]],[1e+24,[20,16]],[300e+24,[20,25]]];
$scope.cashalot.managerUpgrades = [];
//unlocks may be incorrect somewhere ;-;
